1
115
719
921
1272
1913
2235
2668
3023
3237
3405
3809
3868
4024
4724
4950
5308
5554
5726
5775
6034
6219
6753
6849
6948
7091
7102
7283
7339
7455
7562
7708
7813
8302
8897
9030
9051
9310
9558
9819
9893
10757
11068
11242
11304
11395
11609
12037
13382
13387
14490
14538
14584
14600
14761
15504
15580
16274
16687
17298
17808
18285
18337
18379
18450
18488
18689
19195
19287
19311
19808
19929
19936
20116
20761
20867
21167
21410
21503
21823
21870
22360
22608
22764
23119
23310
23349
24316
24320
24345
24510
24727
24950
25589
25740
26951
27008
27570
27983
28173
28689
28716
29053
29247
29353
29949
29961
30267
30327
30525
30596
31337
31486
31826
32309
32314
32623
33813
34115
34337
34910
35236
35242
35301
35506
35785
36182
36345
36719
36871
37065
37336
37359
37443
37562
37631
37715
38461
38643
39132
40651
40811
41068
41294
41365
41377
41435
41964
42032
42292
42517
42540
42677
42912
43227
43828
44304
44572
44711
44714
45057
45092
45547
45647
45803
46040
46096
46164
46587
