14405
13010
15505
17288
56878
68852
229700
74244
110308
11921
14815
12808
20532
407814
58180
55961
63830
14422
71720
16171
20191
14067
75231
30805
56289
18458
347708
75710
73699
22288
14236
208634
18854
268490
19317
791356
18754
55925
140580
18550
230073
20516
93887
224419
195208
109346
74479
76206
57837
14886
56307
12398
109711
321022
75311
212391
68833
12116
85030
67841
77647
215798
16878
278097
16204
80744
20658
29856
232784
12613
75050
108995
19823
17060
234663
241263
11979
207806
76582
16704
258257
69151
234825
259072
67515
50790
66067
13418
83603
319520
56431
258218
71795
192786
67392
18789
244310
23938
329727
13824
