2
16
84
141
179
192
217
242
311
366
392
429
476
486
521
530
601
653
663
670
674
683
807
842
925
940
966
993
1017
1060
1084
1131
1156
1236
1291
1392
1434
1535
1628
1629
1669
1676
1724
1745
1873
1927
1948
1957
2010
2032
2047
2090
2108
2137
2164
2177
2195
2260
2261
2361
2379
2434
2694
2710
2740
2747
2798
3043
3081
3114
3232
3307
3502
3698
3786
3831
3887
3993
4007
4012
4038
4059
4064
4136
4141
4156
4206
4293
4296
4351
4432
4563
4623
4697
4715
4718
4755
4788
4792
4802
4806
4816
4822
4866
4874
4941
5034
5035
5041
5066
5078
5103
5131
5171
5173
5188
5189
5240
5266
5294
5301
5330
5430
5452
5520
5521
5666
5777
5783
5887
5901
5922
5924
6010
6046
6076
6080
6092
6129
6248
6262
6280
6308
6340
6391
6425
6550
6555
6568
6593
6630
6671
6676
6827
6867
6886
6917
6983
7000
7014
7029
7034
7078
7103
7130
7177
7248
7288
7298
7310
7424
7472
7497
7565
7595
7633
7646
7750
7823
7841
7844
7849
7951
8037
8206
8243
8318
8387
8408
8420
8452
8489
8501
8520
8553
8584
8656
8691
8701
8730
8805
8856
8909
8933
8971
8974
8983
9074
9083
9084
9157
9193
9236
9321
9325
9349
9385
9402
9421
9468
9504
9507
9534
9541
9580
9584
9592
9650
9663
9713
9718
9738
9817
9835
9867
9880
9965
9983
9988
10006
10042
10060
10079
10187
10206
10208
10230
10357
10397
10412
10450
10489
10517
10713
10718
10730
10792
10939
10956
10970
11036
11209
11283
11394
11433
11445
11546
11584
11603
11638
11644
11669
11678
11758
11884
11917
11933
11958
11961
11963
12002
12097
12105
12121
12186
12271
12272
12302
12433
12491
12533
12564
12717
12729
12733
12795
12802
13012
13053
13125
13137
13251
13264
13349
13380
13391
13438
13469
13519
13575
13583
13620
13679
13692
13750
13757
13772
13916
13954
14011
14112
14131
14158
14177
14191
14201
14228
14232
14303
14306
14344
14365
14442
14454
14475
14558
14641
14685
14835
14839
14869
14944
14998
14999
15198
15243
15282
15298
15331
15338
15508
15600
15668
15708
15813
15875
15901
15924
15997
16031
16122
16157
16231
16306
16327
16371
16408
16510
16555
16558
16590
16646
16861
16895
16919
16959
17070
17085
17130
17152
17180
17268
17456
17499
17583
17628
17649
17768
17805
17864
17879
17888
17957
17980
18003
18095
18141
18142
18188
18196
18219
18223
18280
18295
18367
18421
18433
18484
18624
18641
18676
18724
18861
18874
18972
18985
19121
19134
19162
19167
19219
19226
19245
19320
19338
19361
19402
19408
19414
19432
19527
19528
19594
19596
19684
19718
19725
19783
19865
19988
20041
20123
20148
20197
20201
20345
20455
20513
20611
20657
20758
20777
20816
20832
20856
20897
20916
20919
20956
21022
21033
21041
21061
21103
21122
21126
21146
21152
21157
21161
21288
21293
21360
21585
21632
21641
21738
21821
21825
21827
21867
21899
21920
21994
22051
22137
22145
22166
22191
22293
22295
22296
22303
22398
22499
22508
22542
22652
22657
22676
22715
22718
22741
22745
22784
22786
22839
22844
22864
22948
23057
23123
23146
23171
23185
23210
23220
23230
23300
23341
23362
23442
23460
23503
23552
23567
23676
23701
23704
23881
23951
23964
23999
24009
24023
24135
24228
24402
24434
24471
24474
24505
24519
24585
24613
24715
24790
24819
25046
25206
25279
25283
25285
25309
25338
25384
25393
25451
25463
25507
25572
25595
25674
25805
25877
25885
25982
25996
26011
26089
26147
26391
26456
26507
26593
26612
26730
26764
26782
26862
26892
26907
26956
27070
27109
27112
27123
27139
27170
27280
27301
27359
27407
27473
27494
27512
27561
27580
27585
27715
27717
27720
27731
27733
27804
27808
27834
27870
27917
27919
27938
27958
28055
28107
28119
28171
28224
28285
28291
28314
28317
28364
28440
28666
28691
28712
28776
28812
28816
28861
28890
28900
29007
29041
29047
29048
29057
29058
29060
29077
29080
29112
29115
29122
29140
29146
29229
29310
29334
29411
29452
29745
29831
29836
29882
29927
29994
30054
30069
30113
30149
30265
30368
30399
30400
30459
30539
30545
30559
30560
30566
30572
30632
30679
30766
30851
30872
30904
30909
30969
31005
31171
31185
31269
31284
31296
31307
31379
31397
31452
31474
31492
31500
31510
31556
31578
31579
31601
31618
31736
31750
31798
31815
31832
31834
31840
31859
31946
32017
32067
32068
32138
32150
32233
32286
32332
32339
32372
32462
32551
32616
32646
32692
32695
32696
32714
32716
32830
32865
32912
32949
32962
32981
33184
33328
33405
33470
33479
33504
33526
33552
33572
33636
33655
33661
33672
33718
33792
33888
34116
34137
34183
34211
34242
34252
34279
34298
34413
34494
34498
34519
34530
34573
34638
34642
34679
34680
34727
34742
34803
34873
34918
34973
35051
35093
35168
35219
35267
35284
35292
35314
35402
35439
35612
35616
35641
35663
35755
35759
35790
35814
35817
35832
35882
35899
36053
36084
36115
36156
36393
36445
36498
36508
36762
36791
36844
36908
37021
37059
37077
37120
37171
37177
37184
37319
37323
37333
37347
37439
37480
37487
37826
37853
37907
37952
37999
38026
38114
38181
38190
38296
38351
38423
38451
38485
38502
38599
38610
38614
38707
38772
38865
38899
38970
38980
38985
39039
39041
39083
39129
39258
39280
39282
39434
39444
39470
39633
39663
39820
39872
39879
39908
39945
39961
40054
40087
40117
40122
40125
40233
40243
40251
40285
40399
40408
40416
40434
40577
40646
40653
40798
40846
40869
40884
40919
40983
41065
41078
41126
41132
41159
41216
41284
41315
41434
41436
41458
41493
41534
41586
41594
41669
41673
41731
41736
41764
41821
41947
41972
42008
42010
42121
42124
42135
42296
42331
42335
42435
42493
42587
42592
42605
42634
42642
42795
42878
42907
42976
43019
43026
43055
43081
43105
43122
43161
43205
43217
43338
43341
43350
43370
43403
43560
43584
43602
43776
43849
43863
43879
43960
43990
44072
44086
44135
44169
44197
44215
44216
44250
44289
44381
44430
44434
44437
44456
44475
44495
44573
44660
44679
44718
44758
44812
44857
44969
45001
45049
45056
45103
45109
45145
45164
45222
45267
45297
45325
45336
45339
45346
45356
45375
45406
45517
45594
45632
45938
46137
46169
46197
46255
46266
46324
46445
46597
