258022
74441
72125
99296
67647
52856
73274
269003
67603
21384
258683
11911
234413
16570
791328
14245
72462
76829
269019
75624
319832
67988
18845
12421
246228
68925
237221
73192
231633
70928
18242
258793
66437
110880
13002
76192
67513
102193
213573
387515
242418
54650
16803
225358
20296
16199
79196
239790
19267
22704
66867
20844
76954
232237
58242
72190
17979
14313
26428
23885
19273
109333
75526
56406
63872
58186
54447
71685
18583
23859
68490
235028
21973
19112
17173
21807
231326
66740
140488
75770
213990
21885
22134
18508
14027
56772
13527
74717
11769
64176
69314
218397
192173
17259
66989
50799
13013
227613
76441
59290
75763
14387
76376
258731
227700
52686
71837
140580
30877
56401
330096
16770
211535
232536
381201
20887
83410
26942
22778
50927
170755
102436
117589
21923
52858
63985
67815
12352
14619
77209
56224
70544
217109
66869
12652
101476
223254
11922
66755
238673
29819
16979
67278
14221
76809
68971
56314
56307
258634
27041
67464
171212
20358
171543
26408
268465
21991
68895
12043
77782
80290
18817
71886
18191
22226
70266
56470
50874
320662
99890
209456
69786
258276
329795
94184
71354
12269
75857
258534
27379
27632
241201
258914
117160
16617
16172
54128
12497
14254
18647
320707
71844
18627
171260
52014
114479
214742
75015
12916
207607
66259
15064
64009
60321
26400
19684
23999
53605
15463
22612
231630
76974
258917
13848
22209
66441
21939
100041576
26570
68799
18616
72508
170768
72168
64898
18241
79221
74603
78833
20874
64704
29875
22773
76892
258871
68044
14247
74349
14724
66894
12395
434232
66714
76688
76650
13924
17153
170771
11816
75745
268759
71770
12289
67553
97541
320473
66960
53424
192192
50877
107770
433926
258543
70427
72088
29871
56233
