110842
106633
271844
68927
19218
69060
108707
18037
52538
75578
546157
17330
20425
19049
20363
382620
216459
320864
18612
14263
228876
72831
214240
217843
73422
27886
69376
26901
20133
12934
225348
56430
66756
68549
71760
24061
231637
56274
381438
252906
330171
19336
56707
245469
109299
110637
241528
258788
67405
19060
69234
212153
224824
226251
19274
67143
329777
104570
12291
106068
106877
17533
83766
66656
242384
26951
93742
15572
67184
30060
12819
54637
16010
546118
16205
108155
76850
74446
74322
27426
59006
18600
226610
54169
76261
319876
215114
17169
80985
75718
71909
66408
12064
68338
75106
101113
14775
78902
66980
353190
13527
94094
21351
94112
18019
258681
69080
20779
74552
20845
211623
77963
67464
258791
116914
56724
12962
270893
338362
66102
53859
70767
106347
672511
67414
75805
329055
69726
77951
100036535
56436
20678
30051
12672
231571
381810
98388
27993
207165
19167
218314
11717
53607
50928
268566
83430
212163
12660
16705
16191
19009
66141
67830
17433
27412
16467
226601
12411
19763
52855
433700
71835
16559
30937
67437
75296
68366
217882
14704
76082
12462
57357
56335
258971
11647
67378
20090
74008
54485
78757
217430
14859
109154
791309
70821
72621
16848
218454
11769
108911
56453
21345
30947
73680
73710
67862
18120
13179
404325
66366
70675
17083
12759
66616
15191
11957
27275
78887
12611
19305
70952
12051
50876
171227
69456
68106
21981
70020
320119
94284
319493
22419
66602
246782
263876
320769
20184
69171
76927
224902
74737
93677
269424
100715
21848
668101
27045
78754
232157
228608
223754
72611
15258
15039
20810
75692
75619
258155
16184
328365
94109
110351
67917
75452
18997
11684
66177
67878
73804
11542
109205
320267
17878
22193
109904
26420
12048
14534
30930
76763
71063
57344
110959
381549
140498
68968
22363
18208
208164
242406
50500
213484
50935
22325
215446
232585
73316
259302
71724
69082
232878
225152
319586
71791
19144
28064
65020
78521
17086
13017
71729
66460
11552
71586
110157
14462
70568
69944
94090
21949
269587
71395
228662
16158
106894
240880
51902
65973
27055
211770
268396
791389
245847
66369
21372
17470
215113
14755
13837
68040
17534
240892
30954
55942
17973
77622
66190
17354
60322
103712
20199
94061
20491
67495
68774
29875
19223
21830
66694
259047
408062
11928
210757
18373
208076
80708
241452
269116
50915
21749
76793
20527
268996
18039
66689
73748
11666
65964
110891
53817
26894
319211
217732
19731
75216
414872
75871
74571
12155
73453
67246
108013
210004
59008
21420
228859
66201
67652
12552
320615
17829
404287
15372
12235
58998
66294
55960
76184
29873
213452
239555
30843
71147
54128
381924
228998
19285
60425
211948
268880
547253
381217
73754
18506
258289
74201
15356
12304
27096
404330
69481
20358
68999
20262
56315
73451
257921
11302
22774
70445
268859
230917
69372
23894
71754
56382
81489
84543
21987
171567
14407
14155
258536
26891
258633
407823
68151
71805
79221
11876
67126
19248
71045
242291
193385
14460
12032
22282
69654
29818
76846
66975
56428
12530
70122
59028
268903
209760
258287
327978
67150
18796
18174
12055
11512
18451
15245
21336
72313
18807
54616
18232
75772
71738
224829
69109
382406
108124
11532
53611
71874
54377
58911
59004
70966
230726
270096
97212
227720
258865
71817
78779
14544
12578
27204
66536
69482
268890
72729
19416
57339
23793
105418
66704
30957
11826
259045
228355
66138
56207
75458
171486
57261
17141
19094
98415
319748
50781
12870
19652
258392
68149
29809
18572
18605
74094
243371
103080
12902
77038
73094
269275
27364
12300
12116
381933
268663
14247
67112
100038662
228942
22174
17880
21678
22072
242505
74152
50850
232966
17196
18974
17152
17527
80751
14950
68276
331535
71302
15959
66422
234825
83563
100038736
12167
54131
236784
73082
17191
20017
16068
330173
320484
68682
11975
72309
272381
12229
53868
14621
77905
16997
269682
30944
22218
18704
19087
435529
218490
56427
65246
20475
227674
101142
218613
258363
77265
97820
101592
72898
72145
64384
209497
244199
70225
66468
226744
239408
78920
11308
29863
433375
20586
66841
23988
14827
16906
68671
235169
269113
12846
16616
66587
242022
