21835
110058
67603
235041
22599
319922
54371
66477
71927
54607
75820
329064
67513
12043
74438
241327
19267
22704
104080
239556
332713
66687
69993
56697
67127
224814
74430
14679
226695
11829
66983
208080
68473
69401
791266
72615
12505
50799
257931
59290
194401
14390
17245
68770
239985
16638
14538
78449
73353
212168
20419
21346
109032
27261
218832
109006
65973
29862
102626
69008
216987
77782
103784
77110
71354
72047
329628
241201
18393
258604
74035
24111
76205
110696
50768
216136
57255
12667
326618
12531
20480
18426
267019
381760
18647
329502
26570
234912
214111
17931
258669
22290
21947
218442
268390
20850
16195
216001
225872
71836
13924
67313
58243
227622
243864
12095
76889
194952
442829
338350
75717
381668
64335
75216
259058
21936
238023
59090
67647
