21835
110058
235041
22599
66756
319922
54371
66477
71927
54607
75820
329064
12043
74438
241327
104080
239556
332713
66687
69993
56697
12962
672511
67127
224814
74430
14679
226695
11829
66983
208080
78757
68473
69401
791266
72615
12505
257931
194401
14390
17245
16184
68770
239985
67878
16638
14538
78449
76763
73353
212168
20419
21346
109032
27261
218832
109006
65973
29862
102626
30954
69008
216987
103784
269116
77110
72047
210004
329628
18393
258604
74035
24111
76205
110696
50768
216136
57255
258633
12667
326618
19248
268903
12531
67150
20480
18426
267019
381760
329502
234912
214111
17931
258669
22290
21947
218442
67112
268390
20850
16195
216001
225872
71836
67313
58243
227622
243864
12095
76889
194952
442829
338350
75717
381668
64335
75216
239408
259058
21936
238023
59090
67647
