258022
74441
14405
72125
99296
67647
52856
73274
269003
21384
258683
13010
11911
15505
234413
17288
56878
16570
791328
14245
72462
76829
68852
229700
269019
75624
319832
110308
67988
18845
12421
246228
68925
237221
11921
73192
231633
70928
18242
258793
66437
14815
110880
13002
12808
76192
20532
102193
213573
387515
242418
54650
16803
225358
20296
16199
58180
79196
239790
55961
63830
66867
20844
76954
14422
71720
232237
16171
58242
20191
72190
17979
75231
14313
26428
23885
19273
109333
75526
30805
56406
63872
56289
58186
18458
54447
71685
347708
18583
23859
68490
235028
21973
19112
17173
21807
231326
66740
140488
75710
75770
213990
21885
22134
18508
14027
56772
13527
22288
74717
11769
64176
69314
218397
14236
192173
208634
17259
66989
18854
13013
227613
76441
268490
19317
75763
14387
76376
258731
791356
227700
52686
18754
71837
55925
140580
18550
30877
56401
330096
16770
211535
232536
230073
381201
20887
83410
26942
22778
50927
20516
170755
102436
117589
21923
52858
63985
67815
93887
224419
12352
14619
77209
195208
56224
70544
217109
109346
66869
12652
101476
223254
74479
76206
57837
11922
66755
238673
14886
29819
16979
67278
14221
76809
68971
56314
56307
258634
12398
27041
67464
171212
20358
171543
26408
109711
268465
21991
68895
12043
80290
18817
71886
18191
212391
22226
68833
70266
56470
50874
320662
99890
209456
69786
258276
329795
12116
94184
85030
12269
67841
75857
258534
27379
27632
16878
278097
80744
258914
117160
20658
16617
16172
54128
12497
14254
18647
320707
232784
71844
75050
18627
171260
52014
114479
214742
75015
12916
207607
66259
108995
15064
19823
17060
234663
64009
241263
60321
26400
19684
23999
11979
207806
76582
53605
16704
15463
22612
231630
76974
258917
13848
22209
66441
69151
21939
100041576
68799
234825
18616
259072
67515
72508
170768
72168
64898
18241
50790
66067
79221
74603
78833
20874
64704
29875
22773
13418
83603
76892
258871
319520
68044
14247
74349
14724
66894
12395
434232
56431
66714
76688
76650
258218
17153
71795
170771
11816
75745
268759
71770
12289
67553
97541
320473
66960
53424
192786
67392
192192
50877
107770
18789
433926
258543
244310
23938
329727
70427
72088
29871
56233
